["head":"wrap","lpos","status"]
[8,1001,1]
["io count"]
[90]
["io":"id","wrap","startLpos","endLpos"]
[1,74,653734,654416]
[2,265,80050,79401]
[3,61,644228,643579]
[4,70,344029,345622]
[5,275,178492,177713]
[6,143,155497,155043]
[7,117,673212,672726]
[8,219,405502,405243]
[9,196,716721,717565]
[10,169,53573,52078]
[11,151,498091,497312]
[12,241,43453,43292]
[13,245,302114,300717]
[14,228,98647,98971]
[15,115,150065,149221]
[16,146,222720,224150]
[17,147,424341,423985]
[18,142,296308,296794]
[19,162,704618,704942]
[20,159,331527,330813]
[21,270,242114,242178]
[22,159,658311,658247]
[23,105,27973,27779]
[24,199,331135,330649]
[25,254,503931,504873]
[26,32,219137,220111]
[27,171,386050,385629]
[28,273,320591,320300]
[29,36,570776,571555]
[30,252,105024,106129]
[31,52,639354,640394]
[32,142,399987,400961]
[33,257,101261,99864]
[34,42,372624,373045]
[35,171,71530,70425]
[36,105,4224,3835]
[37,119,9266,7901]
[38,216,119109,119498]
[39,24,231922,232474]
[40,58,170373,170859]
[41,183,214118,213501]
[42,21,349783,349654]
[43,91,651579,650409]
[44,17,4391,3807]
[45,122,607833,608287]
[46,90,713528,714633]
[47,142,605394,606922]
[48,170,543617,543876]
[49,6,152446,152640]
[50,248,550257,551719]
[51,76,245620,246562]
[52,53,307067,307036]
[53,4,511209,511565]
[54,121,332374,330912]
[55,223,265744,264444]
[56,53,185202,185008]
[57,204,514730,515672]
[58,248,304933,305159]
[59,218,213810,214069]
[60,29,15776,14769]
[61,250,702311,702732]
[62,210,195266,196436]
[63,214,454253,455455]
[64,271,68729,67559]
[65,184,331899,333036]
[66,159,26246,24914]
[67,161,435076,434850]
[68,13,74204,73164]
[69,151,199447,199058]
[70,132,80653,80814]
[71,5,188880,188719]
[72,118,2998,3517]
[73,178,358022,359094]
[74,84,647130,647747]
[75,39,486091,485670]
[76,151,684402,683460]
[77,96,675857,676376]
[78,191,662506,661369]
[79,73,149709,148539]
[80,25,13304,12590]
[81,241,659153,657756]
[82,170,234498,235993]
[83,132,401223,401709]
[84,141,632513,632254]
[85,66,593127,594752]
[86,203,436701,435694]
[87,107,593704,593218]
[88,16,514592,515534]
[89,161,353193,353032]
[90,172,486328,486392]