["head":"wrap","lpos","status"]
[8,1001,0]
["io count"]
[50]
["io":"id","wrap","startLpos","endLpos"]
[1,74,53291,54623]
[2,123,199513,197953]
[3,254,271197,271618]
[4,205,629030,628674]
[5,207,59622,59201]
[6,111,185070,183900]
[7,243,644416,643962]
[8,27,61028,60509]
[9,148,277374,277828]
[10,206,545213,546155]
[11,65,377531,376166]
[12,114,409518,409972]
[13,0,510460,511695]
[14,38,335439,336674]
[15,112,546868,548070]
[16,82,508544,510169]
[17,79,63271,62557]
[18,9,130127,129608]
[19,239,62093,61444]
[20,6,33671,34873]
[21,82,658679,659719]
[22,86,317711,318653]
[23,201,377851,376877]
[24,238,88595,88659]
[25,273,335816,335264]
[26,109,396690,396073]
[27,242,107886,108210]
[28,8,211394,211946]
[29,154,511865,512221]
[30,105,217992,217018]
[31,141,116068,114768]
[32,57,93169,92422]
[33,215,522943,521448]
[34,3,414750,413418]
[35,183,111870,110863]
[36,164,477251,477998]
[37,184,686498,686822]
[38,264,169958,171583]
[39,124,10123,11358]
[40,159,349745,348250]
[41,92,586524,587889]
[42,132,600351,601195]
[43,196,269959,270153]
[44,154,704682,706014]
[45,110,274998,275745]
[46,74,154888,156058]
[47,68,7421,8233]
[48,195,450690,449585]
[49,260,407312,408677]
[50,76,260260,261885]
